4602400
13706770
32883830
984938
10548237
13303331
22368923
4376473
7160211
9343921
34117851
24563722
4396325
10435209
4911404
10102690
14809064
86214
5091589
16211196
9512969
2965013
32840264
7283070
7083388
8017698
121233
310355
9308942
8164007
5902545
58192894
20126545
1353079
7969061
1093482
101590
59615399
19733559
534634
47353892
8861027
13721712
10345612
1277046
53155402
26167918
1767563
47175741
4183188
29090911
6137185
23003982
316160
2664
14368181
5512875
10173177
23020538
66966847
4094917
717637
58440005
10821980
15656586
7416778
16273021
5323192
38013895
1050269
50116938
356873
26275724
24776049
23262887
20766601
20840956
14161129
6024271
1944111
51985757
12616229
67886632
87218
20728015
25176198
59912588
20958809
15964259
6074681
23720340
1724136
16398278
4929558
3677807
7548962
5198260
403377
13771
614836
584253
26581753
30122295
126475
7534547
1262
49307893
74692698
20425004
477642
25662252
12512488
8011761
29612423
7594
5618405
4516477
746482
24735903
1993877
19916961
71378680
8259853
370270
1469191
57394581
1518207
25900455
32091345
8863473
36506580
868555
34636736
23462228
6822158
288961
31416811
33153319
13375241
6256013
8041037
36747
35992773
654727
33623367
72129984
2587202
1104051
8502456
827339
4508875
3957868
1506622
53529846
3910403
9149201
22497281
7937889
19170693
56701963
1076168
5347724
35151512
53764714
1728957
10207863
49605443
3998666
39013780
4746806
5376494
13964463
7030463
74990347
3612850
26726001
23176291
26877550
63514389
30086532
42569383
3274634
13521727
680527
15328734
120217
16419637
9041163
8076334
6562867
55892977
11880975
21219261
30775195
26230013
9678425
40204976
273190
60853
1379944
26252733
20772446
11096602
650324
4357741
621525
21010515
13350302
43750022
1330792
5763900
1559596
4110656
9958853
513683
29638246
12016303
582554
13320947
26553194
7771080
10943988
34353696
10434974
1068249
28529576
1408472
16309034
13910561
50220655
76038732
1319323
34866483
52304776
84864644
108501
7759208
42678386
43621816
28647601
5518092
13669083
13499858
29546902
20239980
22578844
1679435
1238772
45414137
2795362
22133083
4925541
22852470
4791949
5202671
4983347
57946059
49408116
45833042
8389049
29785008
41171860
5263355
21671501
31432816
1123158
14048423
16354853
23196890
843167
6831017
67655863
31267630
11908005
30360059
31389054
42128690
2252714
4748226
4116717
1930213
13736583
1125884
24704421
26146373
10165697
7746021
4283069
16181660
1223942
1381646
1250084
595300
1745861
6937958
23410255
42891900
1845906
15665564
17331903
137374
10357538
46041693
30617988
54770986
11844102
52815346
16580327
8282999
17074375
16667790
10244414
959573
27295314
4588803
75315793
1616263
18275490
328623
12470704
6289523
9463930
6260423
50534756
8197607
28092058
14798493
21202349
6226093
4780201
380035
58948409
3217778
37439001
44471866
1231609
1019036
3061095
65443164
51838384
50487716
43145555
20483451
34285051
20271691
8582703
62802846
9485414
943949
14065678
32416662
3033702
11734243
1454517
15110387
12867345
8310103
53980026
13713
60540975
56470095
1360794
43334750
8132562
10958912
3187387
2449282
43500364
616227
616399
41722013
31599723
26496
26098173
20678047
40356204
57135
53796107
9988724
25608335
1167065
91940226
2776707
13937711
817739
83441819
2140539
11347524
38420457
32788963
56288295
59385677
1946538
3021572
1885558
21126673
22664451
50629189
12988164
103281
32200191
40840079
36709118
35285981
128441
15003773
17399097
9745039
1250197
50140864
97961696
67239839
52760809
11461199
64159240
12437314
62556210
5216846
587826
24212897
1978693
70117151
947662
993934
5271306
8424
356955
51117080
53301143
31643423
4131575
18584287
43427953
9123818
2397765
10448288
223408
96137410
7362958
87579
14238948
14340591
5270425
191955
72708393
66777536
9011986
1570896
16296501
5477978
69509441
32416908
7684240
44144244
19896788
77296452
10393904
15649806
59395214
7001177
52115847
1903527
44761184
31720977
42200276
54906226
1257821
20680724
10264635
112213
823865
324789
42115530
48421061
35133074
53675199
26723045
41955787
4159858
5478311
36705866
36773346
4785
80661415
48525532
55827576
5279150
25546711
5903784
76773718
896157
44416066
17689965
50538357
11839520
19369104
22521752
819237
46220982
10460978
39645428
91569324
3598584
46997198
33493615
52401184
1208684
10810426
4627284
22158877
37637870
9792701
30299072
70353384
823338
24327252
12466484
50965043
22593390
11945793
97495173
55289374
77213468
54974645
18352529
25271014
48528017
98670591
2432634
75439077
6764192
46173
1699739
24985688
94836832
72708095
8768569
16154552
22328047
27747397
104242682
74454019
66138036
12984659
99054241
41747177
38995656
90344616
607097
9404656
65539816
17176273
97676521
62355966
86978415
17805669
13024338
6583143
3381003
31476981
85821373
2199849
30369664
96917554
35392800
65240548
58590400
70413452
16277183
62783136
11287864
12988344
12994810
39502678
23173985
1525767
646436
3086255
32466011
57946012
16439811
2938311
62495819
8086319
7036754
191034
84459554
93613855
102627420
25499558
57244454
21244237
28838105
32156646
42143
58188306
31524706
9279679
628464
190269
68440262
28394170
22806214
11818020
513457
33731706
56031768
3610296
6427935
82205245
20989968
5049590
26334011
3498868
6331843
1943800
40034115
97300325
3876106
5894254
8114551
25441214
6330160
13462281
50336068
68632137
14032427
480806
25189188
16663935
205707
694549
7198692
21152351
70807250
6828366
59987371
18404758
2024584
5224106
7844994
83355398
1861866
2715743
10355479
9870007
18750864
48554647
54046179
4598088
85672502
34316418
711304
42516515
27073120
47705141
37626862
6967950
44120037
71687498
148613
20703304
27900029
51571751
89122324
25139007
97254326
1216089
11094580
29441143
103910495
76518800
49749965
140436
13218979
42714951
65828702
55797133
6604584
34818388
71255120
43341029
6383334
70490991
24587979
36413698
7038229
2461371
13662944
32090825
23358293
29313001
1394756
37334672
18710522
6604943
522884
6918060
1636919
17578682
71847150
99256803
85724056
15172593
2411744
12056966
47299867
78195570
13755231
93359
40040905
76247491
40539705
13772026
51870483
3401715
5540743
4776226
65382963
39153723
19860968
54998903
4922525
17379963
31435542
332330
600054
2099249
52004817
3888224
112905
76062808
7554454
26623354
1897177
8394291
285029
50122537
7912912
1660347
5698706
16624268
47329738
57010661
43693269
5170341
8943304
2802173
97423538
87679712
98076102
11315605
17050715
4469754
5345363
238295
69743363
3344115
62854746
22416208
7828988
33374451
40230358
29711707
54020696
1168250
72906036
20251272
54470604
8700322
14337842
34306708
16747
3585291
30073723
67701042
8194034
51152378
1977850
4024027
8466448
1208709
42388314
20812407
2599636
31271538
36561344
11965513
19500384
15795866
26293424
9567664
66642606
18058884
68379516
37663711
5779236
37185368
34814964
12391
20489683
67613502
16488390
1786012
6189367
6280687
17630259
9741570
1286199
96469
233245
43913734
61749964
5479423
1836149
6002257
100181859
2404372
4482587
36009864
4402428
6113982
33379411
11707609
59827337
107236
275120
100257131
1936026
91613146
182562
87720267
10682672
11703235
2879972
469577
66212258
68207314
47787303
37971350
8730447
74851056
50699985
20731470
23162353
24577449
34550287
7735821
13454011
44441910
25690552
13390457
6392501
62479946
103322568
2021572
11143604
28350065
29670112
45159935
3489312
88660649
42372067
26062808
32750051
2865858
46365515
7704407
63742054
54197185
17026786
11066541
4060187
15066223
28686653
98808371
66793539
25471157
30795839
5364452
20600674
52556680
3971435
80462552
100526705
42607878
4257436
17807224
2043026
1934965
17271412
65554501
60777924
100574693
28973324
18401282
16843267
5993168
100679451
29400662
911203
476
15935681
7058494
19205802
4291144
9959444
44782125
71574829
10125261
3134774
1793761
8607745
5185590
4418620
31964819
43508840
15125956
7577217
57259
8465479
45664960
5425976
13068085
18163958
2339343
30607394
78665327
8159689
41695919
38114196
83270244
4685388
82850305
13154441
14572393
61002613
602333
10116761
1406443
20864647
12402418
82734181
62789131
54874693
87092810
93841932
57501035
70108451
18086
7899950
7573711
653394
9056599
14842706
3091087
31438870
7255867
61228138
60040226
56691622
2028991
13325469
29857830
1578458
816293
14335686
9268592
45891712
72993616
56056337
52928941
575326
91032315
47373469
13780467
11178705
12108715
103457097
20905842
18236648
11527621
64463831
70291307
25774996
18331280
56916133
8609712
10140410
64642178
97400
56986167
17380079
118984
17806390
1186793
5477424
24861456
19557808
741363
16396161
44546398
10409817
3183914
18391371
17452039
37974254
76503070
17989552
52795
453580
4071537
5657035
1255290
49574140
645522
60176567
15057364
3946563
73186
59901837
13469150
5113343
94300230
47147776
51868151
35115497
1666011
474290
10655016
341953
3728109
17234623
322074
3583827
95635597
83570027
4931048
99933
503048
87499173
15997951
883417
59227893
114007
57256706
11508260
494732
5513250
5685257
5172770
20941064
79420912
3893573
2058315
47423668
30196124
12058921
10463115
6765260
75772212
35171337
8034743
49003037
10797641
22426799
48067750
8950622
46034839
14043703
11177693
36093893
16234621
1817975
23372739
1323084
9806623
20878705
43476427
45204879
3798477
52873796
3384755
31183430
141088
76926692
14031096
44703729
45408554
37870973
59900828
73801608
49611774
55640693
19317416
31353270
8288673
54817802
26541648
5062716
16481523
17816259
40800258
1493376
3471396
9401763
36334280
6693498
62287907
71233990
39720973
828989
45404436
3229085
30978375
1123307
2324137
7773964
24759877
22516811
62398823
12609400
1436414
14937343
58041745
17520010
8385422
10597932
66896673
89750862
5173810
1266467
4019165
9046815
43449528
10713536
22969119
20649789
28438345
8688103
30049303
751169
8885073
1906024
8225907
23023
4432248
66785801
10448437
36876666
36593353
86544913
36869394
42463738
42466990
2496616
50502021
59389854
25715906
25412835
23421535
13422991
60626776
4754050
30371888
119252
44433152
18475657
54427
79251424
31972427
22367812
61865468
24508452
7528778
25008
35711274
49622509
3149580
12178525
8247380
2878349
40666000
17209891
32686090
300919
56215265
37136621
7784700
4722412
23613579
8737962
25319264
34468120
5920303
29362131
33317470
1453851
1110020
34031005
359872
3743016
34739828
22743750
10866677
17177870
2112710
1925432
7156496
49158830
34657799
17742071
104303272
61888970
10360441
1230094
103619579
4816153
34898138
60603110
101494532
42601474
4462478
71281831
9411131
38495059
5443525
93197245
54074330
11161695
818761
807264
34070573
67457411
45935479
44360704
1733553
8693515
82333787
62453
102291492
22131774
1624978
12719553
29773668
3687954
3976857
46863236
713530
79667280
16283292
10777817
12700278
20431332
102549309
8763188
52450550
3765555
14171
5256396
1259517
42394346
26076788
19439713
35760882
84702
85057865
54887847
17005426
1380721
91498093
41670031
8843268
772850
55413049
1263735
899366
11314827
3685923
92325420
11210096
80736803
47068782
35644484
19297830
52386322
960461
1918341
6436419
84644087
5872055
1192193
2660301
2037226
779479
630871
61721550
49828632
68076186
57737
8516983
56117258
17933870
3174156
64464755
40538506
44181657
66244052
7813765
23660846
7189316
38532
93701364
13892331
1067010
11679543
47044724
4541147
39889180
10270970
66526557
9339080
100768918
57761678
33892756
99620178
1522149
8808952
540494
55857103
37723411
19804245
6394494
320377
5964
6801880
98703110
225065
49787
9816225
5069893
29728641
34086657
103292975
73036218
8022952
2703582
5068828
916351
5475129
666038
41931468
6592798
6822160
5471923
1467
6876030
1699779
14573967
18357057
39624400
25232758
43615822
5678640
46866563
32176650
16914430
48987557
7290817
2000186
20508859
42281341
22586235
2606341
44684042
77061756
11917160
8144277
41942493
351001
86011419
1136304
6709636
90218961
1915767
32764181
3451580
1170770
13618805
16062020
17861378
3781771
56591225
103359269
24427687
17530162
12306497
36932151
27418092
36958418
31957527
14933879
64730708
5564729
72133471
88018994
51265267
68379446
2615516
57036372
81714230
68809831
42863829
104838376
25538179
50825098
82935610
4828293
1958718
860082
60476856
23433684
4933317
38318771
48515610
93962685
62827937
8125574
68550052
82102954
7854296
4427306
145629
62822419
58633735
4990479
869685
25372584
70525680
15675643
56847156
34915566
19464491
204019
101422
101249076
104642185
118375
9074180
40443346
54289167
49301780
2762082
2370863
7378035
19492278
11259551
40849489
60300499
29550103
10751059
16868015
21240581
4500005
15126922
9167137
38164800
66177622
20043832
13432536
6038454
3258724
47229215
7892079
20659733
8307184
22456602
13086317
22300973
8334660
13443062
4471043
66675022
8315154
18606136
91636656
15814203
25711758
22786843
84469351
67598882
30580625
29929587
18217008
34885037
5778282
5496011
56443135
5136688
49310906
1322887
52857051
25820601
12863390
3891658
24472835
29686516
73528143
66315546
60445230
25738172
51020615
59092644
1271040
9930576
82100936
22808856
20322846
4799532
6859865
103534030
8158076
9383897
47163915
52582582
57483156
33439542
45847565
57229908
86273168
31096982
84004484
21359701
2708524
2094547
6584119
45606694
54987099
4980184
37947786
353922
52625578
48475441
66515632
234891
47358715
6375643
31470110
16864605
1464865
8134292
33004681
25006019
28356785
20262884
10403829
1289907
105207452
23719811
88023039
10416628
58857769
42322765
26673194
78092414
19495665
46800269
3317554
16926749
17281731
28630719
11769096
98460293
78557116
9039837
27784968
79333444
51075780
6928432
56976955
44698975
10952577
59393680
41699729
25365006
66737829
43108942
12772194
1894248
20095014
23192897
19285610
16678697
5887835
576423
2862206
107447
56653555
10757633
5620073
34740585
72524013
11336491
10303257
14542409
36311724
249794
22483733
66267961
47560730
2190443
2584209
15860793
44501502
68253357
51059917
29985490
51035551
19326139
47716549
3988676
5165362
26577190
10604126
7404245
3446303
35933597
44346535
3687591
4231003
26704221
15888594
34414871
25456323
47155413
62648465
12764232
36475288
25422457
16373388
17902399
16435107
86674880
22370797
8581
18742044
55060295
17979770
53486590
98189170
28859640
8472338
36239116
3623570
37376850
44779234
4162760
66828907
17354449
1070604
55442823
10220640
11569819
73058831
40900817
15429565
47361198
51741271
31904595
72645237
6416763
15870985
791399
86253149
7221100
80508
3032039
98830915
10956718
20142711
103166138
72672906
20071276
1192122
14970119
22376677
4376814
64482828
8491325
103734035
51197619
59661793
4071096
737378
38577106
69666061
58178450
91257440
101111422
45203116
21172392
976346
2938840
38785191
11209351
22216954
7760339
57069690
18582042
25587090
44961501
32703307
29757957
70969409
16453743
19715692
1501405
71295127
2211111
44431797
5021885
3657199
47470667
50310962
15956414
43157835
45544322
54413413
858813
276300
1088858
54153772
2553685
26670144
86347661
34220655
105303201
40364573
10929385
46325916
8802082
11928813
32683078
48365149
96198069
52636922
105310066
50437718
15820496
22742579
74971457
12474664
7001916
77953257
38012331
803157
25012707
4108154
2145095
3620540
17438091
26189979
46006217
3187493
22878672
201991
775260
58742188
788486
62871295
10652911
56050023
29452869
105080922
905276
22651512
11770887
105342924
96518403
44449246
44134362
1435251
6241354
47055160
526086
5306018
33594071
64471682
9316767
64264723
82216693
3268276
120280
968130
11319458
926924
7572970
19193036
29278822
49754476
55245568
5046043
51795129
87195960
65818263
42215603
15312873
54817552
6760155
104895097
47825603
23320725
17418833
26470664
1173428
36745373
54823923
19170236
2699584
12753296
1613818
12369197
1546275
10998336
1044953
191650
68399208
58368339
4783404
37277399
56785451
26673402
13519559
70880394
22400403
16684044
8054645
13000285
13518856
30141595
6971810
259599
2772065
93695176
82475627
97843773
800803
2447636
3506415
24697194
72689979
33656541
35432087
34604
73555480
20483256
58525358
16507963
43645
681415
55510666
18094127
58333222
86280457
22734066
1605880
7887486
10603764
8117959
56088717
2320239
72738402
3352968
54743508
27122572
7515240
76629957
1405162
25389064
23458962
13189381
90823230
61238089
1454629
50135614
96860537
47923200
19504923
75295771
49993352
23157659
11048585
16698494
15073839
12572059
82517766
42808121
64859197
73756088
6015902
467282
73275046
52655705
56934839
4645085
74919942
2199875
49621041
7476934
32272037
2045176
156284
51171540
25881429
32413701
45922122
71255973
5265045
44798053
2736501
4658208
22032943
7485661
136000
73389899
28480770
6061213
43918891
1487006
50052558
79426932
61029074
1467902
70176109
71907041
38481206
57040351
43627165
20372085
72477
12012421
26054734
4058503
15234955
53195597
13024713
31791389
25415452
71742495
1278768
6227442
70381751
8788396
6236123
1104478
15312989
92714853
38501311
105589546
11365555
29644545
721599
31124792
32409051
275948
7983476
24390542
640889
100520768
30744779
53699482
53140442
46104913
8443227
72456638
15811321
22551739
22632307
77612232
16054086
76132991
40789484
70709761
6820529
721108
51497964
105688742
2414528
105525731
45452163
36903926
521102
29679353
31770394
29674760
54881266
78655925
49109132
43196053
17749562
29133953
25540822
54000678
55035365
75060827
47056555
69598472
30379522
29981
82183174
47644298
33334607
5366301
310375
54672592
11562506
35036935
9049206
61844658
66768769
2422044
44942624
391872
42422844
16855559
14198293
7507990
13259735
79205051
3139230
7390983
22386462
84715898
78475107
49938
66305399
1674393
29161086
6761729
1468
90932267
69911693
59746379
47833214
39841953
8710429
73092222
25801460
2698932
30319228
33857431
20181978
22556726
8973669
105926709
20389675
34831957
2858081
54478821
67297584
24322817
651224
71942060
43719443
25196251
34938208
3152833
10410939
17963262
233988
65289994
82659761
8544463
101503874
29145667
22623466
22770413
1356985
27461979
60560003
17965161
20919361
32452658
56783451
740461
52188314
45716527
44030863
105881018
24757020
90905354
45130584
12942931
18451329
69576155
50797868
39338891
62444916
92498731
30907832
54930754
8658767
1510976
7647364
1855125
86183241
24456481
12538214
315427
5936469
80361585
4762264
25221223
105020930
20814679
71807063
66212507
28533995
5618388
21253905
9319408
19696784
6989817
28818473
115188
38103258
21046094
196623
16846755
3251107
55955083
29054071
52209787
41926988
6911618
20641225
38287191
1261457
16685565
50298365
53481634
76397495
4213033
26623771
74489241
77468009
48351901
76264890
20437842
32013412
99868589
4997320
4676454
1664067
34858695
103714865
36774000
53041080
84560291
87562
5681883
25587650
9825558
14810695
76088544
9082799
9855100
3771813
13109607
87071300
60489622
13045547
7522477
5452953
1172317
13321712
43386816
18240896
4466438
104449470
49721477
26963452
23105742
25860997
62155221
56697865
29425426
43145747
106434359
34308136
45138831
43946546
58487060
26423730
20235025
19877419
3112565
62130798
95872
98672567
76158002
49984713
104465955
38962918
52162174
40238501
32922534
23044516
2727243
47830725
61178871
33947536
62651330
36514749
33512040
62322343
57657582
26741856
6410538
55076752
66129397
1316944
433334
5677429
22907898
142434
70534517
13127476
4299733
15223809
73142986
17456027
6223499
3048791
3718865
2427963
45327828
106144379
23093427
65792914
68463158
47685845
35303707
1466703
27511437
52764565
17498598
66519561
7353713
23013707
15543619
10669443
60516
2135077
73905526
63428291
19779569
412333
102534290
103119239
4330025
20940206
8116010
11639590
298881
66340339
15925799
7287754
65562603
47190315
106662026
106662527
7201925
916295
48848134
5122903
5324845
106064946
4225687
48123436
311929
24178628
48834189
16975821
21976541
32374382
20256331
68452285
34006968
10948236
5236288
13881992
106190567
1175679
33849353
771070
27700020
12782269
46569963
10494070
19355502
1936421
7553015
56963183
39910453
8699120
37139470
78710108
19375241
8443643
42205484
40895962
7698210
6027337
78342227
6038023
61789
85909370
10162961
5792097
20525446
7834656
91126986
88908872
54177704
96397456
44681859
9640
63357547
99090427
61888585
72503020
20177422
67608060
62490938
6438874
8767512
65058877
15160790
72561951
87615572
2152267
22176586
35651223
51868746
24500560
16343585
93976371
31137625
7609100
95211922
106885577
1100949
82011685
43448045
46011565
26731796
8879789
4784435
11334906
23636473
96351641
9062746
21222152
6233958
12322728
1353811
104897694
63607167
22696026
10953783
71629068
39474278
82544673
97736902
9256474
33229117
21295306
15803048
13197461
10029876
38492793
7880697
57988736
73188579
11570488
98485842
25287458
11259611
65607230
66703206
28634475
1811124
1255037
225770
46378315
11422515
88184581
24303719
93695926
25030113
16426867
1335048
18603762
6829768
84610851
63850289
81091644
5222185
8971102
57649656
7137618
83767005
79576005
72157780
72550961
8064280
27676994
88327
101030499
86647617
9103453
56171892
47837759
77241594
80194057
69240695
20303718
43771058
6450943
29418521
16463570
10364402
5852359
54544490
48105978
26947955
24659796
1334795
68035689
40052897
17206123
29925202
16484054
36065721
48845407
262
26517934
76844162
34292412
62991630
3618054
6294728
100281879
45626913
40643368
80115093
33030933
63333500
70811425
31186013
29336656
7267083
31839142
11967936
25533143
61989790
68123426
50687671
11253056
95556134
323479
23405154
38693046
979515
13479451
8856976
64129
15233143
107256197
40430224
10854753
22059237
64617504
102523819
15602986
32473577
10926503
97054807
51302893
18525499
2314240
9928629
42641081
18520136
54581166
2955685
52729974
346308
20835591
45841569
42510505
107280203
1181888
345248
17821074
321552
346225
22961671
234974
601961
3449108
14803
107317449
19560844
97260417
515151
8471550
24640082
62375480
19823884
48111205
20483346
40912636
19958616
67234505
7454306
1271442
24942159
36171027
55116852
2941718
24111
36006916
42661870
2130014
89933164
22952984
9017983
33537727
5413018
3512236
7004823
710261
1476969
43069141
75433620
45027452
70088953
13262440
70800415
60507126
15377132
29519192
85189857
15897040
58218105
17515242
12655815
48681018
54495674
4412771
6894860
285170
7329110
160652
53777743
91510509
75648138
14111227
7227161
19769774
7015
31740013
23236965
32282748
29059106
4314440
2265229
22337772
57001890
26637497
12778654
9896838
18137179
24804735
8097377
10388889
497913
11268312
12170
7716993
20229130
9486725
58124714
1824117
12655284
8016
23123711
824939
24698778
5137691
56963264
73370
76531938
57023947
83914374
33680363
92168535
44388641
2303099
56162873
29778126
12986592
12859776
29851190
16936618
9291829
72344536
57506150
40490784
90187764
67386242
31899678
2200944
63982045
453776
49673560
54108925
34760059
9512405
21273811
10938316
13744329
6197388
29422506
6114779
54961302
22658701
4352286
13326885
74250236
16826791
45626717
236641
11697929
63961580
6079501
15077717
15641306
24526217
34990079
58946582
100924653
18008525
65792336
8277258
107661178
101293153
36495149
216637
12536002
16164304
13891758
10132965
3147141
5664627
53180001
33821734
5052018
12035114
5066873
99634818
8998287
56089764
1476960
38188795
80206717
20842390
22219161
1239091
765744
47450771
96740996
30400178
9687539
21276922
936636
99567770
65285844
57261448
1877165
45310461
17232600
42433480
67539676
36372243
29977075
31799333
11014144
38308133
33696020
37485620
17470335
18594905
31521272
23138145
24225461
9630324
34892434
5090106
106989011
8292450
51826058
68238434
76436993
80857539
5894493
32077734
24817180
71295346
759174
48632884
387753
6034438
33089405
74737662
74719419
58044657
13801224
340143
60266004
452030
7468900
30059086
50339867
55923312
44155578
8913995
34226032
35215013
48253287
30790455
62049773
55336614
8577729
12231699
10585080
197604
783719
70577135
20286399
3679860
35634788
12123913
10166016
107874753
63858288
31926941
8036966
66238730
48091132
47081802
80010044
13862160
91353346
25128995
15059889
42881610
88716367
14360261
21295451
13960614
39087499
107317815
24777129
77950125
9653338
28599099
90992196
3806031
1040997
41266385
14229300
18242925
66483110
102403284
25602820
107983399
67705227
7519643
46847228
57791477
227988
107571535
43983466
5705923
12107187
9018368
1349908
3662109
104598278
55267814
43825745
2025211
20437346
48831683
12114216
16718548
96613482
90387446
100312690
16292154
8881592
103289442
38073817
495119
168353
44047980
69816385
34407800
13893438
30881
29999427
7506354
79367122
106159605
66807409
79728151
34797853
71296190
28885918
6591328
2199565
406
10507666
87282
6781493
7745506
80050721
6178707
76898866
20515547
2219445
1447374
3753938
31937056
2861850
41569824
3767715
247558
3216804
37690262
60658910
73478414
67251181
35681013
21332010
45160369
5468935
57214904
9569473
71755553
36399892
2478374
1770321
57828008
3992793
2375962
77550379
41195182
103589414
55292673
53691763
15257961
1517355
26162427
731394
58912225
104756612
92278974
13116103
18901415
91365763
1107621
1508657
182450
7236774
7576
22499569
23001035
55140635
97077423
4536597
5982021
38398043
725252
5208701
3803762
17467397
3381914
8449434
4172061
72291325
34530664
2620619
42891954
47297490
1195363
27914124
6803419
338967
12170975
3137236
8798449
61253856
17968852
1631949
17532028
340676
43315900
99589062
58339591
65553599
20027628
17049118
19522038
47917031
1212251
1750301
28763998
8698329
7944909
17473507
22914630
4710456
20055276
37274042
66390533
26420204
14926282
48673505
50059062
1653033
4980674
24617782
196970
106599035
3885070
25035047
9212
11499112
783678
8341867
44280413
30714200
33230771
61349027
17967617
290005
98026719
10998991
48613596
65906309
587959
1952460
82400
43237140
26469804
100530586
49585122
18121771
668462
15802889
108306144
13860486
29413207
59240627
32371298
803013
11152675
20229808
416585
71297959
15953435
54386980
35671333
1432059
68373067
57156014
5570231
74825417
83840316
2011053
24624312
46484970
108366766
1771546
70461588
62106295
77406285
27749706
16533424
98340699
7111195
11830586
41837763
16262455
57234795
46893322
13079303
32233473
2204757
45717175
79150484
17708870
10714483
16855062
79503993
55775205
5467117
878618
83682223
27242800
56372709
27699970
53528139
15069810
2588948
745352
25849009
375074
58043115
64155993
84343508
56793667
8595329
8072662
59311749
2629687
53282030
36502791
41013984
9309853
47843399
59451283
32136879
24843819
41486972
33186580
6899253
10120016
46734313
1410927
16369356
83530766
36455580
24595376
9764662
4836510
33362243
6466266
13031482
5993570
51381044
45823872
68546160
6900468
22870103
22281143
33042716
2032984
36685434
22144201
12616322
35560828
47143616
91601734
61158210
861513
46076962
19639086
5018084
41407039
3250220
43361569
40123613
371360
32801794
44283277
8433791
49429133
36315200
95997359
104095516
21989509
8816279
23122365
11671720
13895208
37259750
7220769
77787433
43694826
32938729
5515
1430616
1594734
347454
16920111
27647952
12442866
1932380
47410736
31486108
29673073
1567724
22714474
4614260
52678073
22506979
54546748
5145157
61531413
12417645
20010373
24847484
143753
99000165
219543
64697628
40519479
5368448
28999143
4398313
9642510
63599666
47306304
26751752
2793267
105014847
3399698
11378396
8228060
58551020
49367723
59760967
13268167
1448881
80565991
69982088
92331700
85180602
17844785
42722733
49145107
81407594
7353840
70263758
13413048
1919951
9711827
1312046
60128586
52184984
59088937
22191245
4949305
1681898
93583281
20459019
12666706
6822876
7943443
106043908
42441797
2188768
1306527
7090449
8609773
95444132
51647981
54018436
332178
7921368
57311327
69577224
20343056
6577198
1392402
1812021
7662760
5428177
11023068
12024749
25548414
72777315
6308683
4991619
879488
25730420
9877145
873910
52384710
47318214
353272
103271027
50718667
39604275
21169548
107396525
18601102
12844423
39539338
315504
5903157
14965
18474190
6501737
45498802
5507925
29954975
45803766
18746599
108775704
8751904
41910417
35171741
43729252
6745155
42234402
55206162
19838857
9365860
10193203
234654
11063910
55557885
12812037
56915668
9005092
68080363
50249801
30754225
58343343
4213953
5826776
607991
669670
554789
6686189
4045604
52813950
47265263
16067687
8190751
11035025
62419140
25163405
31582557
29639685
3241415
48488636
1742201
87601568
155984
150751
35259000
36170400
39487564
62339135
17530753
7547222
1812902
11764379
11662877
80005066
45487513
3373927
20975795
